B_TH=0.900000
S_TH=0.600000
