B_TH=1.200000
S_TH=0.600000
